Dataset {
    Int32 waveTime[waveTime = 1];
    Byte waveFlagPrimary[waveTime = 1];
    Float32 waveHs[waveTime = 1];
    Float32 waveTp[waveTime = 1];
    Float32 waveDp[waveTime = 1];
    Float32 waveFrequency[waveFrequency = 64];
    Float32 waveBandwidth[waveFrequency = 64];
    Grid {
     ARRAY:
        Float32 waveEnergyDensity[waveTime = 1][waveFrequency = 64];
     MAPS:
        Int32 waveTime[waveTime = 1];
        Float32 waveFrequency[waveFrequency = 64];
    } waveEnergyDensity;
    Grid {
     ARRAY:
        Float32 waveA1Value[waveTime = 1][waveFrequency = 64];
     MAPS:
        Int32 waveTime[waveTime = 1];
        Float32 waveFrequency[waveFrequency = 64];
    } waveA1Value;
    Grid {
     ARRAY:
        Float32 waveB1Value[waveTime = 1][waveFrequency = 64];
     MAPS:
        Int32 waveTime[waveTime = 1];
        Float32 waveFrequency[waveFrequency = 64];
    } waveB1Value;
    Grid {
     ARRAY:
        Float32 waveA2Value[waveTime = 1][waveFrequency = 64];
     MAPS:
        Int32 waveTime[waveTime = 1];
        Float32 waveFrequency[waveFrequency = 64];
    } waveA2Value;
    Grid {
     ARRAY:
        Float32 waveB2Value[waveTime = 1][waveFrequency = 64];
     MAPS:
        Int32 waveTime[waveTime = 1];
        Float32 waveFrequency[waveFrequency = 64];
    } waveB2Value;
    String metaStationName;
} cdip/realtime/106p1_rt.nc;
---------------------------------------------
waveTime[1]
1790785800

waveFlagPrimary[1]
1

waveHs[1]
1.25

waveTp[1]
8.333334

waveDp[1]
276.1875

waveFrequency[64]
0.025, 0.03, 0.035, 0.04, 0.045, 0.05, 0.055, 0.06, 0.065, 0.07, 0.075, 0.08, 0.085, 0.09, 0.095, 0.10125, 0.11, 0.12, 0.13, 0.14, 0.15, 0.16, 0.17, 0.18, 0.19, 0.2, 0.21, 0.22, 0.23, 0.24, 0.25, 0.26, 0.27, 0.28, 0.29, 0.3, 0.31, 0.32, 0.33, 0.34, 0.35, 0.36, 0.37, 0.38, 0.39, 0.4, 0.41, 0.42, 0.43, 0.44, 0.45, 0.46, 0.47, 0.48, 0.49, 0.5, 0.51, 0.52, 0.53, 0.54, 0.55, 0.56, 0.57, 0.58

waveBandwidth[64]
0.005, 0.005, 0.005, 0.005, 0.005, 0.005, 0.005, 0.005, 0.005, 0.005, 0.005, 0.005, 0.005, 0.005, 0.005, 0.0075, 0.01, 0.01, 0.01, 0.01, 0.01, 0.01, 0.01, 0.01, 0.01, 0.01, 0.01, 0.01, 0.01, 0.01, 0.01, 0.01, 0.01, 0.01, 0.01, 0.01, 0.01, 0.01, 0.01, 0.01, 0.01, 0.01, 0.01, 0.01, 0.01, 0.01, 0.01, 0.01, 0.01, 0.01, 0.01, 0.01, 0.01, 0.01, 0.01, 0.01, 0.01, 0.01, 0.01, 0.01, 0.01, 0.01, 0.01, 0.01

waveEnergyDensity.waveEnergyDensity[1][64]
[0], 7.539217E-5, 2.3573394E-4, 6.2810275E-4, 7.5574475E-4, 0.0017859467, 0.0024350043, 0.017548148, 0.07332842, 0.13228364, 0.26505792, 0.5391255, 0.4951934, 0.6326696, 0.796278, 0.69225085, 0.8164359, 1.0122678, 1.1527992, 0.6684412, 0.9438322, 0.4571211, 0.54182786, 0.2744992, 0.3403411, 0.22250473, 0.20437333, 0.23626365, 0.19055644, 0.1767875, 0.12837407, 0.104579575, 0.07747446, 0.07825309, 0.060943566, 0.06503648, 0.065690115, 0.046756275, 0.042518888, 0.023569375, 0.025532406, 0.015486187, 0.018914869, 0.015563813, 0.014878966, 0.014584343, 0.011245278, 0.0075379345, 0.007575719, 0.006786587, 0.0074629323, 0.007964136, 0.004594906, 0.004758577, 0.004284263, 0.0035785164, 0.003353311, 0.002138166, 0.002459476, 0.0032057567, 0.0026378087, 0.004594906, 0.0036144818, 0.0046643484, 0.0036508073

waveEnergyDensity.waveTime[1]
1790785800

waveEnergyDensity.waveFrequency[64]
0.025, 0.03, 0.035, 0.04, 0.045, 0.05, 0.055, 0.06, 0.065, 0.07, 0.075, 0.08, 0.085, 0.09, 0.095, 0.10125, 0.11, 0.12, 0.13, 0.14, 0.15, 0.16, 0.17, 0.18, 0.19, 0.2, 0.21, 0.22, 0.23, 0.24, 0.25, 0.26, 0.27, 0.28, 0.29, 0.3, 0.31, 0.32, 0.33, 0.34, 0.35, 0.36, 0.37, 0.38, 0.39, 0.4, 0.41, 0.42, 0.43, 0.44, 0.45, 0.46, 0.47, 0.48, 0.49, 0.5, 0.51, 0.52, 0.53, 0.54, 0.55, 0.56, 0.57, 0.58


waveA1Value.waveA1Value[1][64]
[0], -0.26918933, -0.23487288, -0.06486697, 0.22776882, -0.14599295, -0.10197154, 0.29886082, -0.20292947, -0.032012947, 0.21440504, 0.55154884, 0.6429864, 0.3662219, 0.67037183, 0.40471396, 0.18368717, 0.27368492, 0.06159859, 0.2895852, 0.47245, 0.3633717, 0.4722499, 0.5119845, 0.5153237, 0.6178531, 0.6089839, 0.69049793, 0.66879547, 0.6075009, 0.65771496, 0.63434845, 0.5584174, 0.6320492, 0.62182176, 0.63549334, 0.6054373, 0.62882036, 0.62348527, 0.52167004, 0.61756563, 0.57617706, 0.6640497, 0.60998, 0.61380535, 0.6659573, 0.59067124, 0.45574793, 0.4966022, 0.6016575, 0.47416773, 0.541171, 0.27126953, 0.34717035, 0.34883916, 0.15169404, 0.02016915, 0.24031779, -0.0020038653, -0.35150066, -0.21005994, -0.31339312, -0.52799934, -0.72417974, -0.6500014

waveA1Value.waveTime[1]
1790785800

waveA1Value.waveFrequency[64]
0.025, 0.03, 0.035, 0.04, 0.045, 0.05, 0.055, 0.06, 0.065, 0.07, 0.075, 0.08, 0.085, 0.09, 0.095, 0.10125, 0.11, 0.12, 0.13, 0.14, 0.15, 0.16, 0.17, 0.18, 0.19, 0.2, 0.21, 0.22, 0.23, 0.24, 0.25, 0.26, 0.27, 0.28, 0.29, 0.3, 0.31, 0.32, 0.33, 0.34, 0.35, 0.36, 0.37, 0.38, 0.39, 0.4, 0.41, 0.42, 0.43, 0.44, 0.45, 0.46, 0.47, 0.48, 0.49, 0.5, 0.51, 0.52, 0.53, 0.54, 0.55, 0.56, 0.57, 0.58


waveB1Value.waveB1Value[1][64]
[0], -0.16495943, 0.06252225, 0.044738278, 0.10365024, -0.1563872, 0.2987914, 0.12724382, -0.6351446, -0.5009813, -0.2981703, -0.0625364, -0.18817475, -0.63192457, -0.46235076, -0.6983436, -0.7039271, -0.4722499, -0.5681798, -0.19972488, 0.07482873, 0.06673217, 0.2736849, 0.14711143, 0.41036606, 0.44427916, 0.4379016, 0.4965158, 0.4809103, 0.5086255, 0.49787718, 0.4104766, 0.27085188, 0.4089888, 0.42437688, 0.41121742, 0.27551496, 0.38534164, 0.5220083, 0.45900452, 0.54338074, 0.48239985, 0.4774977, 0.46174276, 0.4189058, 0.47886944, 0.49453503, 0.4212891, 0.4590544, 0.5037332, 0.50792694, 0.43094894, 0.46283028, 0.45397735, 0.27778995, 0.2448363, 0.22767359, 0.20120426, 0.20410591, -0.1812774, 0.23873827, 0.14447619, -0.031137776, -0.024893448, -0.05436786

waveB1Value.waveTime[1]
1790785800

waveB1Value.waveFrequency[64]
0.025, 0.03, 0.035, 0.04, 0.045, 0.05, 0.055, 0.06, 0.065, 0.07, 0.075, 0.08, 0.085, 0.09, 0.095, 0.10125, 0.11, 0.12, 0.13, 0.14, 0.15, 0.16, 0.17, 0.18, 0.19, 0.2, 0.21, 0.22, 0.23, 0.24, 0.25, 0.26, 0.27, 0.28, 0.29, 0.3, 0.31, 0.32, 0.33, 0.34, 0.35, 0.36, 0.37, 0.38, 0.39, 0.4, 0.41, 0.42, 0.43, 0.44, 0.45, 0.46, 0.47, 0.48, 0.49, 0.5, 0.51, 0.52, 0.53, 0.54, 0.55, 0.56, 0.57, 0.58


waveA2Value.waveA2Value[1][64]
[0], -0.09278824, -0.042693663, 0.3091262, 0.20145902, 0.02966056, -0.27796084, 0.45966303, -0.3114868, -0.52980644, -0.27463555, 0.12336821, 0.031174108, -0.44109023, 0.23604496, -0.3027172, -0.6436755, -0.5364723, -0.6844528, -0.3554932, -0.15449657, -0.22725801, -0.22837378, -0.16005158, -0.20684987, -0.011310682, -0.016119733, 0.1415205, 0.091350675, -0.015651256, 0.08225997, 0.09527558, 0.03723225, 0.032509625, 0.06530018, 0.04492049, 0.047400445, 0.13559093, 0.02506823, -0.0658878, 0.023294732, -0.008030593, 0.13183667, 0.18237403, 0.10831009, 0.18923363, 0.18918449, 0.25603426, -0.016956892, 0.08316034, 0.09352636, 0.2019504, 0.12670986, -0.037443615, 0.23554601, -0.17911257, 0.23992828, 0.38069877, 0.2187757, 0.3639752, 0.12647183, 0.3587665, 0.48953944, 0.63456815, 0.5830547

waveA2Value.waveTime[1]
1790785800

waveA2Value.waveFrequency[64]
0.025, 0.03, 0.035, 0.04, 0.045, 0.05, 0.055, 0.06, 0.065, 0.07, 0.075, 0.08, 0.085, 0.09, 0.095, 0.10125, 0.11, 0.12, 0.13, 0.14, 0.15, 0.16, 0.17, 0.18, 0.19, 0.2, 0.21, 0.22, 0.23, 0.24, 0.25, 0.26, 0.27, 0.28, 0.29, 0.3, 0.31, 0.32, 0.33, 0.34, 0.35, 0.36, 0.37, 0.38, 0.39, 0.4, 0.41, 0.42, 0.43, 0.44, 0.45, 0.46, 0.47, 0.48, 0.49, 0.5, 0.51, 0.52, 0.53, 0.54, 0.55, 0.56, 0.57, 0.58


waveB2Value.waveB2Value[1][64]
[0], 0.08892682, 0.1572742, -0.26904804, 0.47208166, 0.22326687, 0.12339006, 0.2977255, 0.37748775, 0.52088976, 0.37242702, 0.18809155, -0.16141656, -0.1569456, -0.48905823, -0.32402295, -0.10975784, 0.10480288, 0.4037111, 0.56693286, 0.63982314, 0.6198557, 0.6778582, 0.43212107, 0.7308803, 0.74550927, 0.80481285, 0.8693134, 0.80580884, 0.8678291, 0.8169368, 0.779386, 0.6371787, 0.7540503, 0.77774405, 0.5814707, 0.59852695, 0.60167825, 0.7514362, 0.6681172, 0.8260189, 0.6105292, 0.68095666, 0.64664966, 0.6518458, 0.66168225, 0.6149914, 0.44025332, 0.40688157, 0.55456406, 0.49000078, 0.51272315, 0.39331192, 0.4957879, 0.44087768, 0.36900148, 0.25475767, 0.37643698, 0.2992749, 0.5080855, 0.44848776, 0.42199957, 0.43359146, 0.22379027, 0.39532045

waveB2Value.waveTime[1]
1790785800

waveB2Value.waveFrequency[64]
0.025, 0.03, 0.035, 0.04, 0.045, 0.05, 0.055, 0.06, 0.065, 0.07, 0.075, 0.08, 0.085, 0.09, 0.095, 0.10125, 0.11, 0.12, 0.13, 0.14, 0.15, 0.16, 0.17, 0.18, 0.19, 0.2, 0.21, 0.22, 0.23, 0.24, 0.25, 0.26, 0.27, 0.28, 0.29, 0.3, 0.31, 0.32, 0.33, 0.34, 0.35, 0.36, 0.37, 0.38, 0.39, 0.4, 0.41, 0.42, 0.43, 0.44, 0.45, 0.46, 0.47, 0.48, 0.49, 0.5, 0.51, 0.52, 0.53, 0.54, 0.55, 0.56, 0.57, 0.58


metaStationName, "WAIMEA BAY, HI BUOY - 106p1"
